Generation #1:
Best, Median, and Worst Learner: (4, 11, 20)
Best, Median, and Worst Reward: (-2.987789192193304, -9.219326085367356, -9.678956410803949)
Mean Weights:[-0.01070559 -0.17817166 -0.08762724  0.16606216 -0.09019091  0.04906882
 -0.00631841  0.31498313  0.17191426 -0.16722398 -0.13498451  0.20774908
  0.01119895  0.3543663   0.06595186 -0.10533696  0.0816391  -0.08834591
  0.26505193 -0.12951003  0.01133187 -0.23183106  0.37453553 -0.02015635
 -0.16857159  0.20343156 -0.05210301 -0.11688276  0.21285608 -0.16706386
 -0.04471367 -0.19394723 -0.14854975 -0.00782095  0.34808624  0.0132184
 -0.13768165  0.05969739 -0.10331033 -0.34931728  0.11720459 -0.10061304
 -0.24123885  0.2286116  -0.10453027  0.15214357  0.12765913 -0.29913548
  0.20863861 -0.48488316 -0.15200827 -0.13483182 -0.29896367  0.01747398
  0.07669354  0.01167885  0.05456871  0.32138565  0.10452218 -0.10966403
  0.07496874  0.12042374 -0.06703267 -0.28288555 -0.01777039  0.05084582
 -0.00363325 -0.18052119 -0.18762511  0.09131989  0.23448837 -0.11593274
 -0.00153498 -0.24882178  0.4417277  -0.14771774  0.15215439 -0.28043786
 -0.20963694 -0.08099319  0.16535415 -0.17118004 -0.25134504 -0.10398696
  0.14578897 -0.3000658  -0.46535626 -0.01912868  0.04982292  0.01740678
 -0.07997007  0.30644998 -0.02410884 -0.09628358  0.09796295 -0.06505876
 -0.03343277  0.13504075  0.0178383   0.14447586 -0.1493712  -0.15810232
 -0.08789615  0.09249102  0.08203132 -0.00691531  0.10498303  0.0699771
  0.12761997  0.21604821  0.0546894   0.01382263 -0.24396893 -0.06617247
  0.151845    0.17298545 -0.04734918  0.23689435  0.10981645 -0.24611463
 -0.21769498  0.02648111  0.20539531  0.4130897   0.15461849  0.06897967
 -0.128824    0.12219782  0.0711699  -0.02426312  0.13174227  0.02373557
 -0.06676297 -0.10814422 -0.14727038 -0.07314092 -0.05942612 -0.06355968
  0.10769928  0.18129988 -0.0732291   0.00195502 -0.10909572  0.01878616
  0.13155112 -0.22984491  0.18008497 -0.22534558 -0.02285594  0.03614575
 -0.17947702 -0.23545952  0.17588128 -0.0417207  -0.10393193  0.03133241
 -0.02701924 -0.02509418 -0.04236837 -0.09364424 -0.09895937 -0.07441048
  0.1274805   0.0018394  -0.05883081 -0.10290602 -0.2037757   0.11430617
  0.2933212  -0.09276395 -0.03434393 -0.0297865  -0.19442347  0.12705609
  0.2107631  -0.01440053  0.13044277 -0.18291472 -0.19791906 -0.11089344
  0.03001776 -0.11895076 -0.26207668 -0.23084688  0.10806298 -0.03638885
 -0.05956654 -0.0749501  -0.11288908 -0.11428271 -0.03762989  0.19501497
 -0.10321774  0.04806956 -0.23392197  0.20232207  0.03390527  0.2658635
 -0.05212156  0.06861291  0.17737032 -0.16969731 -0.2135452   0.24633095
 -0.156753   -0.1511348  -0.12491681  0.09775081 -0.07281195  0.1449003
 -0.35334605  0.12591307  0.22481269 -0.06600011  0.35825798 -0.13876596
  0.09667037 -0.03779566  0.04956117 -0.01536492  0.15392074 -0.09359735
  0.09600501 -0.23857084 -0.15431127 -0.15084782  0.01581881  0.21999203
  0.34843376 -0.00472487  0.13484849  0.04890406  0.07823111 -0.1172456
 -0.20990899  0.32806376  0.38493094  0.10312148]
Cov Weights:[[ 2.01868091e-02 -1.76730543e-02  1.95473535e-02 ...  1.19372985e-02
   5.77050880e-04 -1.17944403e-02]
 [-1.76730543e-02  4.27456269e-02 -2.55093035e-02 ... -8.22988132e-03
  -4.32004424e-03  2.37743305e-02]
 [ 1.95473535e-02 -2.55093035e-02  1.16742579e-01 ...  3.12518263e-02
  -4.06413584e-02 -4.09515108e-03]
 ...
 [ 1.19372985e-02 -8.22988132e-03  3.12518263e-02 ...  1.48493574e-01
   1.44736578e-02 -1.46630465e-04]
 [ 5.77050880e-04 -4.32004424e-03 -4.06413584e-02 ...  1.44736578e-02
   3.80786752e-02 -1.01019511e-02]
 [-1.17944403e-02  2.37743305e-02 -4.09515108e-03 ... -1.46630465e-04
  -1.01019511e-02  2.96787610e-02]]



Generation #2:
Best, Median, and Worst Learner: (9, 11, 20)
Best, Median, and Worst Reward: (-1.497991606083815, -5.436185724058305, -6.876464725428377)
Mean Weights:[ 1.95933878e-02 -1.70370042e-01 -4.89090011e-02  2.46380985e-01
 -6.73603266e-02 -4.95740175e-02  5.69847673e-02  2.84132779e-01
  2.16313675e-01 -2.19523802e-01 -2.15117872e-01  2.38793388e-01
  3.93549055e-02  4.21514302e-01  1.24688596e-02 -1.09322309e-01
  1.56716093e-01 -3.72844972e-02  2.77295947e-01 -2.37124283e-02
  1.42828017e-01 -1.52424902e-01  4.31290209e-01 -1.87463942e-04
 -8.81327391e-02  2.25678623e-01  2.53012069e-02 -1.31240919e-01
  1.92002028e-01 -1.23078823e-01  3.86579484e-02 -2.66823888e-01
 -1.82687223e-01 -3.18706036e-02  2.61705518e-01  9.91391242e-02
 -7.98102617e-02 -4.10892144e-02 -1.91509187e-01 -2.70419508e-01
  1.03585884e-01 -7.86787271e-02 -2.08891764e-01  2.83807337e-01
 -5.99656627e-02  1.30709037e-01  7.34899119e-02 -2.25021437e-01
  1.75044388e-01 -4.06818092e-01 -6.14660867e-02 -1.09872162e-01
 -2.99324960e-01 -4.55309590e-03  1.31699190e-01  9.70650651e-03
  4.13324274e-02  2.79203564e-01  9.62390751e-02 -3.01964451e-02
  5.51561452e-02  2.19597816e-01 -7.74445981e-02 -3.02702904e-01
  6.15272149e-02  6.15364648e-02  1.07034691e-01 -1.60400808e-01
 -2.30994388e-01  1.63387641e-01  2.32288495e-01 -3.46990004e-02
 -2.15423424e-02 -1.71910360e-01  5.06425977e-01 -8.34000334e-02
  1.35422736e-01 -2.74492949e-01 -2.48617962e-01 -1.50467247e-01
  1.26652509e-01 -1.05803676e-01 -2.23921925e-01 -4.73704040e-02
  1.10884354e-01 -2.98708439e-01 -4.53690350e-01 -8.05018470e-03
  1.01483233e-01  3.15445326e-02 -1.21529199e-01  3.86586249e-01
 -2.44344156e-02 -1.50670782e-01  2.69831643e-02 -4.58490476e-02
 -2.51453426e-02  1.81707233e-01  4.54846844e-02  2.22765833e-01
 -5.19435406e-02 -1.37217432e-01 -2.31075790e-02 -2.66372822e-02
  8.57849568e-02  5.48674017e-02  1.61450714e-01  7.60552064e-02
  1.54551819e-01  1.48886949e-01 -3.82148325e-02  7.87140504e-02
 -2.94176131e-01 -4.31391113e-02  2.33708948e-01  1.70252681e-01
 -2.35535055e-02  2.65478671e-01  1.16788022e-01 -3.65721852e-01
 -2.69500911e-01  2.95054857e-02  2.14721978e-01  3.80861521e-01
  3.68512869e-02  9.83341411e-02 -7.80701488e-02  1.50108144e-01
  8.65649059e-02  2.24073939e-02  8.74527693e-02 -3.48636210e-02
 -1.22174017e-01 -3.01208869e-02 -1.23546861e-01 -7.48478845e-02
 -2.54994966e-02 -9.16180201e-04  6.78690746e-02  2.37870634e-01
 -1.45911232e-01  1.22585404e-03 -1.67024583e-01  2.01512054e-02
 -2.35772654e-02 -3.25239450e-01  2.30486989e-01 -1.49266988e-01
 -7.37360269e-02 -1.32155940e-02 -7.52694830e-02 -1.38985932e-01
  1.29376039e-01 -4.65805717e-02 -4.99602705e-02  3.35664302e-02
 -5.32204136e-02 -4.94654924e-02 -7.86363855e-02 -2.43101362e-02
 -6.43573254e-02 -6.15131482e-02  2.05919087e-01  1.83680356e-02
 -2.01368406e-02 -1.49367750e-01 -2.30060741e-01  1.15440011e-01
  2.59680301e-01 -8.95801634e-02 -2.35548299e-02  3.00114378e-02
 -1.95377961e-01  3.96699496e-02  1.58573061e-01 -2.57329643e-03
  1.38605431e-01 -1.15947686e-01 -1.55074611e-01 -6.72636181e-02
  4.07841876e-02 -2.36334745e-02 -2.32033089e-01 -2.04952911e-01
  1.58070534e-01 -2.48454958e-02 -2.13899016e-02 -5.84837273e-02
 -1.40151024e-01 -1.44539803e-01 -2.65816674e-02  2.46289700e-01
 -6.90481290e-02  1.07627362e-02 -1.64996207e-01  1.67538062e-01
  9.62797329e-02  2.93087989e-01 -7.79787228e-02  5.09522110e-03
  1.18588254e-01 -1.58826575e-01 -1.90904528e-01  2.36491397e-01
 -7.42001608e-02 -1.67538583e-01 -1.00514181e-01  3.77181619e-02
  8.66042078e-03  1.57679021e-01 -3.80588710e-01  1.02621555e-01
  2.59299755e-01 -7.56047368e-02  3.97034436e-01 -1.63590908e-01
  1.09963957e-02 -1.02821283e-01  7.02868998e-02  6.17637411e-02
  1.68323144e-02 -9.38356668e-02  4.52222787e-02 -2.38425165e-01
 -1.38135627e-01 -1.17981955e-01  9.25252587e-02  2.41129994e-01
  3.53348136e-01 -4.49596345e-03  1.76772133e-01 -6.95769265e-02
  1.02116078e-01 -1.97954066e-02 -2.00682849e-01  4.22939152e-01
  3.39564115e-01  1.06394954e-01]
Cov Weights:[[ 0.02517849 -0.01234992 -0.00141856 ...  0.02584517 -0.0175248
  -0.00297871]
 [-0.01234992  0.02124022  0.00340134 ... -0.02940643  0.01151231
   0.00541057]
 [-0.00141856  0.00340134  0.02415238 ... -0.02456434  0.00231636
   0.00967534]
 ...
 [ 0.02584517 -0.02940643 -0.02456434 ...  0.11702445 -0.01433564
  -0.02851394]
 [-0.0175248   0.01151231  0.00231636 ... -0.01433564  0.04007158
  -0.00119074]
 [-0.00297871  0.00541057  0.00967534 ... -0.02851394 -0.00119074
   0.01951982]]



Generation #3:
Best, Median, and Worst Learner: (1, 11, 20)
Best, Median, and Worst Reward: (-1.4979749167832779, -9.219326085367356, -9.219326085367356)
Mean Weights:[ 1.82899505e-01 -2.26783186e-01 -3.85448486e-02  3.39456201e-01
 -8.67702533e-03 -6.98086172e-02  1.25534758e-01  2.57808030e-01
  2.04918563e-01  3.60204317e-02 -4.02772903e-01  2.34464347e-01
  8.09130520e-02  5.15984595e-01  2.70051807e-01  6.85557351e-02
  2.10588217e-01 -2.78873760e-02  5.15094757e-01 -7.22162202e-02
 -2.80247815e-02 -9.04390961e-02  3.44848782e-01 -6.15210608e-02
 -3.57509926e-02  1.43505469e-01  4.10204083e-01 -2.20001504e-01
 -1.82394296e-01 -2.41585359e-01  1.74168438e-01 -3.30029994e-01
 -2.34457016e-01 -2.16507524e-01  4.71795768e-01  1.95030659e-01
 -1.72536999e-01 -2.26695854e-02 -2.72964269e-01 -3.44821274e-01
  8.57646763e-03  2.20143721e-02 -3.14940736e-02  2.59832144e-01
 -1.01179481e-01  2.98000947e-02  1.59132898e-01 -1.85582176e-01
  1.67469218e-01 -4.47645932e-01 -5.34698181e-02  9.62297618e-03
 -8.77994746e-02 -2.74039339e-02  1.87527388e-01 -1.31967515e-02
  3.69896740e-02  1.77340537e-01  1.61743179e-01  2.02348024e-01
  1.97516382e-01  1.64657056e-01 -2.28283387e-02 -2.79336631e-01
 -3.34462225e-02  2.84751028e-01 -4.86343913e-03 -2.48135358e-01
 -1.13753349e-01  3.13953221e-01  3.35226387e-01 -4.79889475e-02
 -9.28946659e-02 -1.35646731e-01  5.50449491e-01 -1.19204395e-01
  1.00383572e-02 -1.43496394e-02 -5.08877039e-01 -1.72472253e-01
  9.78096202e-02 -1.76678196e-01 -2.29817778e-01  1.65615112e-01
  3.37048024e-01 -3.59828770e-01 -2.43533954e-01  9.27022099e-02
  3.99393514e-02 -6.56158105e-02 -1.60074353e-01  2.87604004e-01
 -1.80592388e-01 -2.89543003e-01  1.96063131e-01 -4.12215069e-02
 -5.38298823e-02  2.34064937e-01  2.91324165e-02  3.27789426e-01
  7.34919682e-02 -2.88125187e-01  5.24030551e-02  4.74668220e-02
  2.72501320e-01 -1.03270724e-01  4.08726111e-02 -1.29899532e-01
  2.48307705e-01  1.26264691e-01  3.76921706e-02  5.80891818e-02
 -4.51329768e-01 -6.52999803e-02  1.84235975e-01  3.06087941e-01
  2.10395187e-01  2.07181573e-01 -3.25941920e-01 -4.24309552e-01
 -1.94595873e-01 -1.24867111e-01  3.02753985e-01  2.30011627e-01
 -9.14857015e-02  9.11773965e-02 -1.73506021e-01 -2.54520420e-02
 -1.47073925e-01  1.31699353e-01 -1.07054979e-01 -6.31564558e-02
 -2.94608951e-01 -7.56502524e-02 -1.50579989e-01  1.25606388e-01
  2.90790610e-02 -9.30181742e-02  1.94516018e-01  2.83921629e-01
 -4.56405468e-02 -5.45552596e-02  3.11201811e-03  1.63154572e-01
 -7.89993703e-02 -3.41742814e-01  1.72078505e-01 -1.68444827e-01
 -2.93184400e-01 -2.85585020e-02 -1.92518398e-01  1.81098387e-01
  1.42639011e-01 -2.68151045e-01  2.94466317e-02  7.27415830e-02
 -2.34081089e-01  9.38846357e-03  5.52867502e-02 -1.64484531e-01
  6.74079359e-02 -2.05579460e-01  2.60180116e-01 -2.54945159e-02
 -5.30638080e-03  1.99162662e-02 -2.77911425e-01 -1.49031412e-02
  1.56409353e-01  1.37298182e-02 -1.10754997e-01  1.27915204e-01
 -1.10142611e-01  7.22906645e-03  4.81844470e-02 -1.38160035e-01
 -1.81868389e-01 -6.40211776e-02 -1.20999262e-01  3.34879123e-02
  7.52554694e-03 -2.17396557e-01 -3.19837518e-02 -2.44192556e-01
  1.21353537e-01 -2.66971171e-01 -8.96191150e-02 -4.65337709e-02
 -3.36943328e-01 -7.12247752e-03 -2.03967631e-01  3.25120538e-01
 -1.54697865e-01 -1.10507652e-01 -3.63600962e-02 -2.93921679e-04
 -4.25453708e-02  3.54275227e-01 -4.66432497e-02 -1.55627266e-01
  8.46310630e-02 -3.52779269e-01 -1.19309917e-01  3.21042061e-01
  7.27191046e-02 -2.82922655e-01  4.37609665e-03 -1.20284319e-01
  7.17999488e-02  7.23847076e-02 -5.38057983e-01  5.77340685e-02
  2.98070520e-01  5.77329379e-03  5.34992278e-01 -1.97536677e-01
  1.81333106e-02 -2.47658461e-01 -8.97955894e-02  3.19113955e-04
 -1.30780399e-01  2.23307423e-02 -7.35729933e-03 -2.31432348e-01
 -2.49713376e-01 -9.58212167e-02  3.36561352e-02  4.97924060e-01
  2.67386258e-01 -4.45949398e-02  4.21136707e-01 -1.11971922e-01
 -2.88391486e-02 -3.62563469e-02 -1.94049999e-03  6.97926879e-01
  1.66075259e-01  8.54385644e-02]
Cov Weights:[[ 1.77091176e-02 -1.10638142e-02  4.02576693e-04 ...  2.04685394e-02
  -1.14044291e-02 -7.54776169e-03]
 [-1.10638142e-02  5.06821050e-02  4.11656854e-03 ... -1.59588425e-03
   2.69993919e-02  6.04781713e-05]
 [ 4.02576693e-04  4.11656854e-03  1.61149287e-02 ...  8.97992308e-03
   6.86034334e-03 -1.00816754e-02]
 ...
 [ 2.04685394e-02 -1.59588425e-03  8.97992308e-03 ...  9.68115565e-02
  -1.55972181e-02 -3.60032955e-02]
 [-1.14044291e-02  2.69993919e-02  6.86034334e-03 ... -1.55972181e-02
   3.71213374e-02 -1.45049220e-03]
 [-7.54776169e-03  6.04781713e-05 -1.00816754e-02 ... -3.60032955e-02
  -1.45049220e-03  3.33069455e-02]]



