Generation #1:
Best, Median, and Worst Learner: (1, 11, 20)
Best, Median, and Worst Reward: (38306.694846637256, -12.778095729937377, -12.778095729937377)
Mean Weights:[ 3.16308916e-01  3.97345647e-02  2.52101034e-01  2.15560943e-03
  1.73928663e-01  6.70988485e-03  9.53408182e-02 -6.89879805e-03
 -1.41315371e-01  1.63853347e-01 -1.11019261e-01  7.72746578e-02
  9.56118107e-02 -1.68529704e-01  3.23750943e-01  1.22904927e-01
  9.50310454e-02  1.87902287e-01 -3.13226908e-01 -7.08498657e-02
 -1.25302434e-01 -8.44549239e-02  3.16672027e-04 -3.70362625e-02
 -4.07793343e-01 -3.30599785e-01  3.40839773e-02 -2.52408683e-01
  3.04306261e-02  3.19543630e-01  8.47031921e-02  2.07420439e-03
  1.36905730e-01 -3.71569663e-01 -5.08087501e-02 -1.03504531e-01
 -4.65759598e-02 -1.19532883e-01  1.79819554e-01  7.71617517e-02
  2.62500107e-01  2.39985675e-01 -2.17430815e-01  2.73546666e-01
 -1.98647864e-02  1.29218996e-01 -2.46535420e-01 -5.74031956e-02
 -4.58656907e-01 -3.45403939e-01  1.66036010e-01 -1.90760177e-02
 -1.59995764e-01 -5.28802201e-02 -2.43145935e-02 -7.59212375e-02
  5.93322031e-02  1.77249491e-01 -1.35354996e-01 -8.91343653e-02
  1.09348908e-01  2.22628444e-01 -1.06906071e-01 -8.40690546e-03
  1.88413888e-01  1.82479881e-02  4.76489216e-02  1.88273996e-01
 -1.73650205e-01  1.36122644e-01  1.02497309e-01  1.22956187e-03
 -2.12773293e-01 -2.88028479e-01  1.29997015e-01 -5.52315935e-02
 -2.14346871e-01  2.46836498e-01 -2.87822306e-01  8.24183226e-05
 -1.13218367e-01 -6.94671273e-02 -1.41765073e-01 -1.58757001e-01
  2.22499669e-02 -1.52063398e-02 -2.69791055e-02  1.96005747e-01
  3.79026011e-02 -6.07266724e-02  6.13597222e-02 -5.99729456e-02
  1.58664137e-02 -3.90226319e-02  9.41613987e-02  4.83254567e-02
  2.11569726e-01 -8.15449879e-02 -1.50976673e-01  2.14781851e-01
  6.60866052e-02  6.35464936e-02 -2.44113445e-01 -1.53037265e-01
 -3.92407924e-02  1.18171677e-01 -1.71144545e-01 -1.45958532e-02
 -1.69969141e-01 -1.28379583e-01  3.26559752e-01  6.67013228e-04
  7.59423971e-02 -2.62101918e-01 -5.16133010e-03 -2.14553773e-01
  1.57691032e-01 -1.61828846e-02 -9.07267258e-03 -2.52132080e-02
  5.16116023e-02  9.21881124e-02 -1.82674497e-01 -1.20811529e-01
  1.07993446e-01  3.63183558e-01 -3.80177587e-01 -1.25136793e-01
 -1.76127851e-01  2.00345367e-01 -1.40965870e-02 -1.22278132e-01
 -1.14928365e-01 -2.38780864e-02 -9.16859359e-02 -2.45593920e-01
  1.25215352e-01 -3.22479069e-01  3.02825004e-01 -2.41212934e-01
 -1.89239874e-01  7.38657042e-02 -2.74442732e-01 -1.79296419e-01
 -6.65355027e-02  2.64873207e-02  2.24815622e-01  2.98415162e-02
  6.98660538e-02 -4.99282405e-02 -2.63094187e-01 -1.71982318e-01
 -4.79120225e-01 -6.09439462e-02 -1.10611573e-01  4.56382930e-02
  1.36958733e-01  1.53979361e-01  9.14746672e-02  1.66013926e-01
  2.58027837e-02  2.14470893e-01 -1.61112681e-01 -4.51705828e-02
  2.35298291e-01 -2.30442405e-01  5.87740615e-02  1.00868374e-01
  4.29389626e-02  2.38205373e-01  1.50889874e-01 -5.10058701e-02
 -3.35150622e-02  3.26432288e-03  2.43495926e-01 -5.70687912e-02
 -1.95160061e-01  1.16350546e-01  2.10319713e-01  2.37290427e-01
  2.59959325e-02 -1.54009074e-01 -5.21821082e-02 -1.85192510e-01
  6.21939152e-02  1.40693728e-02 -9.12502632e-02 -2.19093308e-01
  7.54586905e-02  1.08827427e-02  6.75202087e-02 -1.56708345e-01
 -1.61076769e-01 -1.60021514e-01  2.67723799e-01  3.25717553e-02
 -1.45003736e-01 -2.68741921e-02  3.46495919e-02  9.66701657e-02
  1.02119319e-01 -1.36772648e-01 -1.25550807e-01 -1.18870139e-01
  4.96663377e-02  2.01265156e-01 -2.78611660e-01 -2.15403050e-01
  1.26015581e-02 -1.23201013e-02  7.16797858e-02 -2.04079952e-02
 -1.61466151e-01 -6.42020255e-02 -9.55314934e-03 -1.50696665e-01
 -2.57695019e-01  1.99099630e-01  5.62323108e-02 -1.76086985e-02
  7.88119584e-02  5.54059595e-02  1.14161462e-01 -1.75301105e-01
  4.31628525e-01 -6.81276470e-02  2.65672237e-01 -2.15364814e-01
  2.38831729e-01  2.03714907e-01  2.11274549e-01  1.07039839e-01
  6.81715757e-02 -1.58835813e-01  6.00153469e-02  1.78477988e-01
 -1.65931910e-01 -2.77891815e-01]
Cov Weights:[[ 0.1460763   0.12482937 -0.01775248 ... -0.02688308 -0.0452748
  -0.12091011]
 [ 0.12482937  0.14104579 -0.03158699 ... -0.00552385 -0.01693452
  -0.12758747]
 [-0.01775248 -0.03158699  0.11290465 ...  0.03686547 -0.0989404
   0.00458835]
 ...
 [-0.02688308 -0.00552385  0.03686547 ...  0.06763878 -0.01108579
  -0.01113529]
 [-0.0452748  -0.01693452 -0.0989404  ... -0.01108579  0.13961448
   0.04070268]
 [-0.12091011 -0.12758747  0.00458835 ... -0.01113529  0.04070268
   0.14243868]]



Generation #2:
Best, Median, and Worst Learner: (2, 11, 20)
Best, Median, and Worst Reward: (38199.60346806765, -14.980485663106265, -12.023986995508494)
Mean Weights:[ 4.77812409e-01  2.08294481e-01  3.08348835e-01 -2.75783315e-02
  2.69181967e-01  1.01679832e-01 -7.58587122e-02 -7.48908892e-03
 -4.78310958e-02  2.44185179e-01  1.24694213e-01  4.29164656e-02
  1.39671534e-01 -2.29372576e-01  3.57773364e-01  5.66097572e-02
  1.54378265e-01  3.61838847e-01 -4.13099706e-01 -1.30577341e-01
  1.82407275e-02 -9.44030434e-02 -4.54187579e-02 -4.07971889e-02
 -5.19275367e-01 -4.70325083e-01  3.38538289e-02 -3.05307567e-01
 -1.53137565e-01  3.52158874e-01  6.03979006e-02  9.75239202e-02
  2.44389810e-02 -3.50569129e-01  9.13576260e-02 -7.51008168e-02
 -1.94786757e-01 -2.90161312e-01  1.08673848e-01  1.05325162e-01
  2.10690424e-01 -4.95675206e-03 -2.66643435e-01  4.10826147e-01
  7.83869922e-02  1.63848072e-01 -1.96223438e-01 -3.34867164e-02
 -7.07604885e-01 -3.74111205e-01  2.32218429e-01 -3.50820348e-02
 -6.64080083e-02 -1.54940784e-03 -9.87814516e-02 -1.10534921e-01
  5.65810055e-02  1.14367217e-01 -3.23720500e-02 -1.96714848e-01
  1.38473123e-01  3.48831356e-01  1.29783362e-01 -5.68190143e-02
  1.48774475e-01  6.17333241e-02 -7.74993747e-03  1.04226723e-01
 -1.88633427e-01  2.24993154e-01  1.81959182e-01  1.98475480e-01
  1.10096715e-01 -1.79686472e-01  8.15913826e-02 -6.25269413e-02
 -2.50463098e-01  3.64690721e-01 -2.34830707e-01  1.86346263e-01
  1.46647319e-01 -8.62566680e-02 -3.57814550e-01 -7.22821876e-02
  5.61164245e-02 -6.93076700e-02  2.89828517e-02  3.59861761e-01
  8.49607512e-02 -1.10185713e-01 -1.75812796e-01 -2.55860895e-01
 -3.33696336e-01  1.51770309e-01 -1.02132224e-01  9.02251601e-02
  7.16479570e-02 -1.04330674e-01 -3.06025833e-01  2.63295740e-01
 -1.76643543e-02 -3.05036008e-01 -1.70493603e-01 -1.44431829e-01
 -1.05594538e-01  1.23223603e-01  8.95968080e-02 -1.31556541e-01
 -4.91528586e-02 -2.10624069e-01  3.91778916e-01  3.75278406e-02
  9.01344866e-02 -2.35986993e-01 -1.05165690e-01 -1.68436304e-01
  6.03978932e-02  2.60655284e-02  1.07857242e-01 -1.74297005e-01
  2.13987574e-01  2.61572897e-02 -6.64350390e-03 -7.38639534e-02
  2.03145742e-02  2.51623034e-01 -3.48311663e-01 -1.27544671e-01
 -3.51170301e-02  1.11980587e-01  7.44699985e-02 -6.50701597e-02
 -1.18999034e-01 -1.52460560e-01 -1.90401033e-01 -1.67350069e-01
  9.17987525e-02 -3.45285535e-01  3.16920877e-01 -1.88924849e-01
 -3.38833183e-01  3.33245486e-01 -4.11740690e-01 -2.00189203e-01
  2.38884240e-02  2.67206341e-01  2.35304922e-01  4.94950265e-02
  1.09221935e-01 -2.56364137e-01 -2.22366929e-01 -4.02287155e-01
 -5.72242200e-01 -1.30570233e-01 -1.89279392e-01  4.94290143e-04
  3.20652425e-01  1.49920031e-01  1.22993454e-01  3.02058786e-01
 -2.46154219e-01  3.28515917e-01 -3.64159912e-01  1.02172717e-01
  2.43443832e-01 -1.87847629e-01  3.02621853e-02  1.39193125e-02
  7.68420696e-02  1.72867298e-01  3.35637107e-02  4.72481921e-03
 -8.84635225e-02  6.29191250e-02  8.24819356e-02  4.13897187e-02
 -1.96933076e-01  1.16534278e-01  2.60836482e-01  7.11772069e-02
  2.18110859e-01 -2.25840420e-01  6.43056780e-02 -3.19615096e-01
 -1.05949625e-01 -3.24869901e-02 -1.94852114e-01 -3.75570416e-01
  2.19570607e-01  7.30863437e-02 -1.95159391e-03 -2.47533262e-01
 -1.81828663e-01 -1.58125907e-03  4.03307915e-01  1.80894256e-01
 -2.70042241e-01 -2.28341371e-01 -3.58550996e-02  2.91702673e-02
  7.13508204e-02 -2.17550680e-01 -1.82364881e-01 -1.11192331e-01
  1.84869394e-01  2.88852245e-01 -2.22043723e-01 -1.59386054e-01
 -8.63653421e-02 -1.44746602e-01  7.86194652e-02 -9.46055502e-02
 -3.12295020e-01 -1.77131146e-01 -1.63411126e-02 -1.95092216e-01
 -4.01339382e-01  2.09733903e-01 -8.55011865e-02  1.63983375e-01
  2.08126768e-01  1.62903726e-01  1.44774646e-01 -1.44906178e-01
  4.44053054e-01  7.00682551e-02  5.32411933e-02 -2.82545626e-01
  1.03764430e-01  1.85831785e-02  1.82810128e-01  6.19138405e-02
  6.31710142e-02 -1.25795588e-01 -5.89595735e-03  1.42714590e-01
 -2.75483370e-01 -4.96531546e-01]
Cov Weights:[[ 0.32206324  0.2212253  -0.01143703 ... -0.09222666 -0.10888156
  -0.21967051]
 [ 0.2212253   0.16933342 -0.01117405 ... -0.06410901 -0.07579328
  -0.16017996]
 [-0.01143703 -0.01117405  0.02177222 ...  0.03264586  0.00148802
  -0.00143489]
 ...
 [-0.09222666 -0.06410901  0.03264586 ...  0.16292831  0.02966003
   0.00206678]
 [-0.10888156 -0.07579328  0.00148802 ...  0.02966003  0.04884912
   0.07572962]
 [-0.21967051 -0.16017996 -0.00143489 ...  0.00206678  0.07572962
   0.20191693]]



Generation #3:
Best, Median, and Worst Learner: (20, 11, 20)
Best, Median, and Worst Reward: (-10.489911422421756, -16.391585491885962, -10.489911422421756)
Mean Weights:[ 7.69090891e-01  4.17886734e-01  2.99819380e-01  3.58086713e-02
  3.93908978e-01  1.64811596e-01 -4.76535499e-01  1.05249017e-01
 -2.98823625e-01  6.98035836e-01  3.06028962e-01  7.18634650e-02
  4.29155439e-01 -4.40161288e-01  3.21609110e-01 -1.39394596e-01
  8.90358314e-02  6.91127717e-01 -9.53862220e-02 -8.40854831e-04
  9.44625959e-02 -2.43281573e-03  1.15926161e-01 -3.24807502e-02
 -4.41567808e-01 -4.28993881e-01  4.18705344e-01 -5.61625063e-02
 -1.89944804e-01  3.19858760e-01  3.45277876e-01 -2.58524328e-01
 -4.27505434e-01 -4.65122819e-01  1.40550435e-02 -1.86735794e-01
  6.57449216e-02 -2.48360202e-01  6.72583729e-02  1.75959915e-01
 -1.02750316e-01 -7.67559409e-02 -1.75866693e-01  3.36950332e-01
 -3.85454297e-01  2.71064371e-01 -4.25986260e-01 -2.70973653e-01
 -2.87651122e-01 -3.02192628e-01  3.70602936e-01  1.29130006e-01
 -6.55768439e-03 -3.63767415e-01 -6.32309094e-02 -8.21580365e-02
 -4.19352278e-02  1.39576644e-01  6.95862845e-02 -2.62972116e-01
 -1.70862347e-01  6.79610968e-01  5.52343875e-02 -1.32270217e-01
  3.46098483e-01 -5.68294302e-02  5.63019142e-02 -5.05469739e-01
 -1.48884743e-01  6.89216703e-02 -6.44396618e-02  3.99281949e-01
 -8.27788338e-02 -3.60638916e-01  2.66672373e-01 -1.58745289e-01
 -5.66393316e-01 -1.29795223e-01 -3.78222406e-01 -2.19592065e-01
  5.10210037e-01 -4.17234719e-01 -1.99527353e-01 -1.86232641e-01
 -1.37162730e-01  5.78589253e-02  1.89913064e-01  3.33932996e-01
  4.10156995e-01  3.39473076e-02 -5.85883632e-02 -2.81368077e-01
 -1.24891885e-01  5.87686062e-01 -5.72609305e-02  4.45001066e-01
 -2.57824868e-01 -2.72794574e-01  3.72289456e-02  3.52142930e-01
 -1.03513710e-01 -1.78415328e-02 -1.67994291e-01 -8.61730054e-02
  4.59811836e-02 -1.87162757e-01  2.74504513e-01 -8.02678540e-02
 -2.22255915e-01 -5.01753151e-01  7.03015089e-01 -1.30617231e-01
  3.38671595e-01  1.38726801e-01  2.17080235e-01 -1.21297725e-02
 -8.31287876e-02  2.10270479e-01 -2.77775973e-02 -4.68813896e-01
  2.86852658e-01  3.03511202e-01 -4.95918632e-01  1.45266652e-01
  1.77674845e-01  1.22470319e-01 -2.02202588e-01 -5.32396361e-02
 -4.40257639e-01  4.08194929e-01  1.26826748e-01  1.28540099e-01
 -1.38743743e-02 -2.91025013e-01  2.22298175e-01 -4.24541175e-01
  2.92464882e-01  8.44990015e-02  3.26364040e-01 -1.02292039e-01
 -3.59506488e-01  4.16249394e-01 -5.23983479e-01 -3.82227838e-01
 -2.54728317e-01  5.78142166e-01  2.57090062e-01  2.35833138e-01
  2.35365152e-01 -1.07590921e-01 -1.01982005e-01 -1.65453359e-01
 -4.63254809e-01 -4.45742384e-02 -3.47061068e-01  9.64673534e-02
 -6.13958895e-01  1.63535178e-01  1.42896384e-01  3.89207244e-01
 -3.47094953e-01  4.99912739e-01 -4.24010575e-01  4.80717346e-02
  3.69930714e-02 -2.90624976e-01 -9.75720584e-02  9.48734730e-02
  5.91716528e-01  3.25140804e-01  9.95554179e-02  5.38710281e-02
  1.54463463e-02  4.54341829e-01  2.67743766e-01  3.21812570e-01
 -1.62164852e-01  1.31984368e-01  5.23912609e-01  2.23243922e-01
  4.09914345e-01  6.48037940e-02  2.57238537e-01 -8.50046456e-01
 -4.55609441e-01 -9.07850862e-02 -3.05339098e-01 -3.26002359e-01
  5.62155783e-01  1.75955907e-01 -1.36875063e-01 -2.46696308e-01
 -3.81948709e-01  6.11836575e-02  1.80395283e-02 -3.28110531e-03
 -6.29656732e-01 -3.14831018e-01 -1.98152497e-01  9.87384319e-02
  1.26083359e-01 -2.09070399e-01 -5.14424384e-01  3.99614871e-02
  2.08278373e-01  5.27033746e-01 -3.57517749e-01 -1.94282010e-01
 -4.17594090e-02 -2.73947157e-02 -1.19895980e-01 -7.63745680e-02
 -1.35566786e-01 -1.12893254e-01  1.50901601e-01 -1.73316374e-01
 -8.35712403e-02  2.19529271e-01 -3.89677525e-01  3.30600679e-01
  1.92593366e-01  4.66130078e-01  3.18760067e-01  3.11419576e-01
  6.02989197e-01 -1.92526951e-02  3.67652848e-02 -1.84293583e-01
  7.03664571e-02 -3.63976449e-01  4.73979473e-01 -2.84774512e-01
 -5.25246188e-03 -1.62807956e-01 -3.06761742e-01 -1.71067894e-01
 -5.44693768e-01 -5.52628040e-01]
Cov Weights:[[ 0.15998179  0.1047684   0.0210179  ... -0.10765123 -0.08469265
  -0.08496413]
 [ 0.1047684   0.08429981  0.01718207 ... -0.06271705 -0.05879736
  -0.06512622]
 [ 0.0210179   0.01718207  0.02248765 ...  0.01219141 -0.01334468
  -0.03007114]
 ...
 [-0.10765123 -0.06271705  0.01219141 ...  0.22714732  0.06528072
  -0.00272987]
 [-0.08469265 -0.05879736 -0.01334468 ...  0.06528072  0.05927898
   0.04912913]
 [-0.08496413 -0.06512622 -0.03007114 ... -0.00272987  0.04912913
   0.09495489]]



